0 0
10 0
10 10
0 10
0 0

0 10
9 10
9 19
0 19
0 10

9 10
16 10
16 17
9 17
9 10

10 0
16 0
16 6
10 6
10 0

10 6
14 6
14 10
10 10
10 6

14 6
18 6
18 10
14 10
14 6

16 0
19 0
19 3
16 3
16 0

16 3
19 3
19 6
16 6
16 3

16 10
19 10
19 13
16 13
16 10

16 13
19 13
19 16
16 16
16 13

16 16
19 16
19 19
16 19
16 16

9 17
11 17
11 19
9 19
9 17

11 17
13 17
13 19
11 19
11 17

13 17
15 17
15 19
13 19
13 17

15 17
16 17
16 18
15 18
15 17

15 18
16 18
16 19
15 19
15 18

18 6
19 6
19 7
18 7
18 6

18 7
19 7
19 8
18 8
18 7

18 8
19 8
19 9
18 9
18 8

18 9
19 9
19 10
18 10
18 9

