

nbDEMANDES = 100

nbPRODUITS = 10

nbMAGASINS = 10

nbNOEUDS = 110

S[m,p] = [
44 40 24 12 23 42 5 10 3 34 ; 
40 18 24 33 21 49 1 31 8 11 ; 
47 25 1 47 47 33 33 30 4 19 ; 
2 27 0 24 20 22 0 13 34 8 ; 
23 15 10 49 3 12 9 16 48 35 ; 
49 40 15 4 21 1 35 35 24 11 ; 
13 0 32 4 47 16 23 10 27 34 ; 
42 35 39 12 4 37 26 25 19 0 ; 
5 33 43 0 22 0 0 24 20 44 ; 
33 37 0 16 45 47 3 43 0 42 
]

R[i,j] = [
0 429 479 332 286 655 780 298 726 519 710 499 542 392 336 208 264 364 412 336 244 242 790 618 351 414 266 333 245 522 748 640 478 820 559 305 323 356 281 491 712 261 273 402 32 637 497 130 382 689 345 406 136 70 34 371 394 229 305 790 249 168 470 376 436 277 236 393 576 268 244 232 510 315 587 408 446 424 390 386 227 489 565 243 503 115 349 649 106 304 637 606 270 479 380 291 607 335 295 611 598 494 350 131 789 549 650 483 495 265 ; 
429 0 803 707 294 1048 802 152 836 941 1088 333 414 761 296 321 689 193 744 199 604 235 1159 614 564 763 666 599 285 950 993 969 856 1166 911 734 678 319 152 804 894 487 592 145 429 638 659 441 50 824 636 109 366 497 456 583 345 209 730 764 622 466 839 796 673 302 632 613 766 689 475 506 379 302 567 837 805 707 815 392 576 559 512 670 879 348 527 918 508 623 599 509 648 122 809 681 978 713 720 1025 1019 888 778 428 1087 891 1057 779 542 257 ; 
479 803 0 169 519 304 573 726 435 573 309 649 627 670 539 685 450 817 66 620 609 699 365 522 261 77 252 207 718 510 297 167 703 363 119 379 655 531 660 24 336 317 217 839 453 525 284 384 753 382 167 830 451 428 483 249 535 606 461 636 233 623 114 299 179 509 264 226 255 310 327 675 621 523 530 416 83 111 478 484 253 406 559 354 147 590 305 192 375 184 567 620 218 896 423 218 201 170 455 358 394 672 424 600 310 91 353 60 434 547 ; 
332 707 169 0 450 341 672 608 557 443 384 624 623 505 483 540 284 689 110 545 440 567 461 576 258 92 83 190 577 395 465 313 546 488 227 221 487 485 556 188 484 259 135 718 311 586 356 266 657 507 153 716 341 272 329 260 501 499 299 719 86 462 138 169 244 439 99 254 375 144 260 510 607 464 570 282 115 183 331 459 131 441 582 186 174 447 296 360 226 118 615 641 62 785 280 49 277 7 293 335 348 521 273 443 471 221 357 201 464 466 ; 
286 294 519 450 0 787 566 273 566 782 817 214 259 678 50 350 529 377 465 100 527 300 882 382 270 489 432 312 351 769 700 682 764 881 633 544 608 73 179 517 606 202 321 372 264 405 370 212 246 546 352 351 154 328 320 289 114 150 569 553 373 422 571 575 380 11 398 319 475 476 195 485 225 31 342 646 533 417 649 129 321 288 304 474 613 294 233 624 307 349 387 333 399 403 625 436 706 457 559 784 789 776 599 375 794 610 807 489 279 47 ; 
655 1048 304 341 787 0 856 944 702 460 82 942 927 667 816 857 492 1019 333 884 678 897 165 825 554 301 389 491 898 381 461 234 658 244 191 406 690 813 897 321 576 588 466 1053 640 826 586 607 998 651 447 1053 682 587 643 546 823 840 476 926 426 750 217 301 483 776 422 526 540 395 593 782 918 797 834 362 257 413 438 775 472 710 863 434 174 769 599 390 553 439 870 924 400 1123 389 369 109 335 477 122 178 606 412 745 353 224 74 360 738 806 ; 
780 802 573 672 566 856 0 835 163 1116 829 477 398 1129 534 911 922 937 584 622 1010 866 844 189 449 622 727 501 917 1065 460 633 1193 782 666 883 1082 505 738 550 305 523 580 920 748 165 317 652 770 209 525 892 656 780 807 435 469 717 949 89 665 946 687 841 427 566 712 428 318 798 539 1011 428 540 235 955 651 494 999 437 631 292 291 827 720 838 436 480 728 573 206 309 674 925 951 703 746 678 941 930 968 1180 940 903 618 634 917 513 291 613 ; 
298 152 726 608 273 944 835 0 839 797 992 404 478 609 301 168 549 104 663 218 452 82 1068 647 515 676 555 535 135 811 951 893 704 1086 825 602 525 329 96 731 872 426 509 112 306 671 636 345 124 818 566 109 275 368 321 537 366 129 589 812 521 313 745 674 624 277 522 566 738 566 411 354 440 296 603 702 714 642 675 399 482 561 556 542 782 202 488 865 391 542 644 569 546 180 674 575 885 612 580 908 897 737 642 278 1026 809 945 712 551 226 ; 
726 836 435 557 566 702 163 839 0 998 671 537 468 1042 545 885 826 943 458 641 938 855 682 254 375 493 623 411 900 941 298 475 1096 619 517 776 1004 520 745 410 142 465 489 936 693 236 229 596 797 52 423 912 619 712 749 357 491 712 849 248 567 894 549 720 318 562 614 340 183 693 482 958 489 545 297 837 517 374 888 446 543 279 356 728 578 803 379 319 656 473 294 397 571 956 837 595 593 562 841 784 825 1077 831 855 455 485 766 377 294 612 ; 
519 941 573 443 782 460 1116 797 998 0 542 991 1014 266 829 649 256 830 539 851 369 722 623 1010 685 505 395 622 694 80 849 632 216 705 541 246 330 842 799 597 909 650 548 882 529 1022 799 571 898 947 593 897 630 459 488 693 872 748 215 1160 462 500 467 277 688 772 418 693 814 328 641 493 989 807 997 161 489 625 133 844 508 871 999 314 455 595 716 751 475 548 1045 1053 448 968 167 414 512 438 225 342 288 156 187 524 787 562 398 625 891 774 ; 
710 1088 309 384 817 82 829 992 671 542 0 959 937 746 842 915 564 1072 353 916 750 949 86 817 570 327 443 511 955 463 410 196 739 162 190 478 766 837 939 321 538 615 498 1103 692 815 581 650 1038 621 468 1100 724 644 701 559 843 883 551 905 471 815 249 371 486 806 473 536 521 459 622 850 931 825 830 442 284 421 517 793 513 711 864 500 210 825 614 352 606 468 864 925 446 1169 467 419 111 379 552 203 258 688 489 807 285 220 150 359 739 840 ; 
499 333 649 624 214 942 477 404 537 991 959 0 81 892 164 532 741 495 609 192 739 461 1012 293 389 641 623 451 519 973 752 797 978 993 769 749 820 149 314 640 625 365 489 465 478 316 416 419 309 538 495 433 368 542 534 399 123 321 780 432 559 627 726 768 479 223 592 424 519 676 366 687 49 185 246 849 685 538 858 167 506 285 187 679 768 494 344 701 516 509 271 176 582 455 830 621 849 631 770 959 972 990 805 580 877 740 974 605 259 238 ; 
542 414 627 623 259 927 398 478 468 1014 937 81 0 934 210 597 770 572 594 262 785 531 985 218 374 628 634 441 588 989 701 765 1017 959 747 769 866 186 386 615 565 370 490 544 518 240 373 447 389 474 484 513 406 577 577 380 148 386 808 351 566 681 713 777 451 266 604 401 469 691 375 743 37 228 172 866 672 516 881 170 515 237 112 700 755 551 331 658 544 506 192 95 588 536 850 627 829 630 797 954 971 1025 827 634 832 717 964 578 208 293 ; 
392 761 670 505 678 667 1129 609 1042 266 746 892 934 0 728 443 220 617 615 720 158 527 831 988 680 592 426 632 485 328 967 780 95 900 684 292 84 749 637 692 986 612 553 674 416 1004 819 495 725 996 619 695 527 361 357 695 786 597 210 1154 475 295 591 392 724 670 429 705 867 360 598 263 902 708 963 304 596 678 229 773 500 851 949 319 599 420 696 862 406 568 1013 994 475 762 278 459 684 502 214 563 519 140 261 334 944 694 619 706 863 655 ; 
336 296 539 483 50 816 534 301 545 829 842 164 210 728 0 394 577 404 489 97 577 337 904 346 282 515 472 332 391 813 700 699 814 898 655 589 658 28 205 535 597 228 351 391 314 370 363 257 253 530 374 367 203 377 371 299 69 187 617 514 410 471 598 616 389 58 439 328 471 519 223 533 175 21 304 690 560 433 695 99 357 266 261 519 641 341 241 630 353 376 347 287 435 412 670 473 731 490 606 819 826 826 644 424 802 630 840 505 252 85 ; 
208 321 685 540 350 857 911 168 885 649 915 532 597 443 394 0 414 181 618 339 290 86 996 731 525 622 472 522 45 672 945 847 539 1028 768 480 359 421 224 696 892 430 474 234 232 753 664 311 291 856 542 253 268 270 214 546 463 210 451 903 457 151 677 568 623 348 444 572 755 463 412 185 560 380 692 573 654 622 534 478 432 621 654 430 710 94 510 849 314 506 738 680 479 321 542 499 815 543 443 803 784 576 510 125 995 758 846 685 619 308 ; 
264 689 450 284 529 492 922 549 826 256 564 741 770 220 577 414 0 594 395 595 186 479 651 792 474 372 206 420 459 262 747 570 271 708 474 86 209 592 544 472 766 419 341 642 273 807 607 322 645 779 403 653 376 203 233 486 624 493 41 953 259 277 379 193 507 519 212 494 648 140 407 295 742 556 773 160 379 458 126 601 291 653 766 99 392 347 495 643 225 352 822 817 256 725 128 238 487 281 31 410 381 261 96 288 733 481 461 485 669 519 ; 
364 193 817 689 377 1019 937 104 943 830 1072 495 572 617 404 181 594 0 753 317 468 122 1150 749 616 762 630 632 136 854 1051 984 712 1173 912 657 533 432 199 824 975 525 600 59 380 772 739 433 191 922 660 90 368 433 380 637 468 232 632 912 603 331 827 738 723 381 598 666 840 632 509 354 535 399 704 752 799 738 716 502 568 665 656 602 863 253 590 963 466 633 744 665 627 146 722 652 967 693 623 974 958 752 690 307 1121 898 1014 807 655 330 ; 
412 744 66 110 465 333 584 663 458 539 353 609 594 615 489 618 395 753 0 565 547 634 416 511 221 38 191 158 652 483 356 231 655 423 167 329 596 484 599 81 376 263 154 775 386 517 277 319 694 407 115 768 388 362 416 214 491 544 409 639 167 557 119 262 164 455 200 196 275 254 271 609 584 472 513 379 78 92 435 442 186 385 536 296 161 524 265 252 308 121 554 596 153 834 382 157 241 113 403 366 394 628 379 533 377 147 371 91 412 491 ; 
336 199 620 545 100 884 622 218 641 851 916 192 262 720 97 339 595 317 565 0 563 269 982 433 370 589 521 413 327 844 795 783 810 982 733 620 644 121 124 618 694 302 419 298 322 457 460 294 156 627 453 272 224 391 370 388 153 130 636 595 466 442 669 661 479 110 487 418 567 558 294 500 224 103 388 724 632 518 718 195 415 362 339 551 711 308 331 722 382 448 427 351 491 315 700 528 805 552 625 877 879 830 672 396 893 710 902 590 347 81 ; 
244 604 609 440 527 678 1010 452 938 369 750 739 785 158 577 290 186 468 547 563 0 371 837 856 565 532 357 527 333 408 903 744 252 891 650 272 80 599 478 628 900 487 452 523 271 875 709 360 567 896 523 543 380 229 210 582 637 439 207 1027 387 139 554 379 626 519 347 598 771 307 471 123 752 557 828 335 547 593 275 630 398 723 808 261 572 262 573 799 283 474 878 850 394 611 303 391 670 439 203 594 561 286 274 175 906 652 646 634 732 501 ; 
242 235 699 567 300 897 866 82 855 722 949 461 531 527 337 86 479 122 634 269 371 0 1028 682 510 642 507 520 58 740 942 865 622 1052 791 537 444 365 147 707 876 417 482 163 257 705 642 315 205 830 545 175 255 311 259 532 405 150 518 851 481 232 705 617 615 300 476 560 739 510 400 271 493 327 641 635 678 624 603 429 448 583 598 481 741 133 489 851 343 515 684 618 505 246 606 530 845 571 509 852 837 657 574 199 1005 778 892 692 577 253 ; 
790 1159 365 461 882 165 844 1068 682 623 86 1012 985 831 904 996 651 1150 416 982 837 1028 0 850 626 396 524 572 1036 543 400 222 823 96 249 564 853 897 1011 372 543 679 567 1179 771 846 620 724 1109 634 530 1175 797 726 782 613 900 955 637 923 547 899 323 457 534 871 553 588 548 543 688 935 981 888 867 527 354 475 602 848 586 753 905 585 287 905 670 364 685 536 897 966 523 1244 553 498 183 456 638 281 335 771 575 890 255 273 225 407 782 907 ; 
618 614 522 576 382 825 189 647 254 1010 817 293 218 988 346 731 792 749 511 433 856 682 850 0 324 549 615 389 734 970 516 628 1059 807 634 767 932 318 551 504 367 375 461 731 587 24 238 496 581 268 423 703 487 629 648 317 280 532 824 173 547 779 627 745 348 383 593 323 303 683 389 844 244 355 46 851 587 420 884 253 504 139 106 705 666 663 296 495 581 463 47 142 562 736 842 597 718 583 815 877 906 1054 826 734 661 601 875 464 124 428 ; 
351 564 261 258 270 554 449 515 375 685 570 389 374 680 282 525 474 616 221 370 565 510 626 324 0 254 290 68 546 646 436 417 744 616 380 443 634 272 434 254 367 94 137 624 318 336 146 222 515 338 110 609 257 337 373 21 274 386 504 480 223 519 339 423 110 261 269 50 230 359 112 582 363 269 314 527 298 152 560 222 183 185 325 382 381 436 44 354 282 140 360 384 238 668 518 273 460 265 494 580 601 734 502 481 523 353 590 222 207 307 ; 
414 763 77 92 489 301 622 676 493 505 327 641 628 592 515 622 372 762 38 589 532 642 396 549 254 0 175 189 657 447 375 225 628 410 149 303 577 512 616 99 406 288 171 787 390 555 315 330 713 441 145 782 402 359 415 249 521 560 384 677 165 551 84 229 202 478 189 232 310 232 294 601 617 498 551 346 44 130 405 473 194 422 572 276 127 527 298 270 308 141 592 633 146 849 351 141 216 93 378 329 356 598 350 531 380 135 336 120 448 512 ; 
266 666 252 83 432 389 727 555 623 395 443 623 634 426 472 472 206 630 191 521 357 507 524 615 290 175 0 228 511 358 547 393 473 560 304 155 405 478 514 271 559 263 153 664 250 626 410 228 617 575 202 664 303 201 258 298 501 457 226 767 68 383 209 144 305 421 34 300 443 71 259 429 613 451 603 237 194 252 271 464 119 476 607 107 238 381 322 443 164 154 650 663 53 735 227 34 343 82 218 358 358 454 213 368 552 300 390 281 496 440 ; 
333 599 207 190 312 491 501 535 411 622 511 451 441 632 332 522 420 632 158 413 527 520 572 389 68 189 228 0 549 580 423 370 691 569 323 383 593 325 461 205 379 112 79 646 301 399 186 211 550 368 43 635 264 306 349 71 333 409 447 539 163 497 274 356 103 302 210 73 246 298 125 558 428 316 381 462 233 108 499 284 131 251 393 325 317 430 110 331 248 74 426 452 174 697 455 208 400 197 439 513 532 678 441 464 491 298 524 179 274 342 ; 
245 285 718 577 351 898 917 135 900 694 955 519 588 485 391 45 459 136 652 327 333 58 1036 734 546 657 511 549 0 718 972 882 580 1065 804 524 401 419 206 728 913 451 504 189 267 757 682 339 260 872 571 210 288 311 255 567 460 204 496 904 493 195 715 611 647 351 482 594 776 506 434 224 551 380 694 618 691 650 580 481 465 631 653 473 749 130 528 878 351 537 738 675 515 277 588 537 853 581 488 847 828 619 556 171 1027 793 889 715 626 306 ; 
522 950 510 395 769 381 1065 811 941 80 463 973 989 328 813 672 262 854 483 844 408 740 543 970 646 447 358 580 718 0 779 558 291 625 469 225 381 824 803 535 846 621 511 903 527 980 751 556 905 889 547 915 621 457 493 652 851 750 222 1114 427 528 401 225 638 758 386 648 758 298 614 531 967 792 960 123 426 571 137 819 476 832 966 295 385 609 680 683 463 506 1007 1022 409 987 144 372 435 388 231 262 208 233 173 546 711 492 318 565 853 765 ; 
748 993 297 465 700 461 460 951 298 849 410 752 701 967 700 945 747 1051 356 795 903 942 400 516 436 375 547 423 972 779 0 229 997 327 310 675 952 682 869 276 156 526 475 1060 718 504 340 633 946 258 403 1045 686 708 759 415 668 822 757 546 519 905 384 588 327 692 556 385 234 607 542 961 710 691 547 701 372 324 768 614 523 467 599 651 394 851 467 104 651 445 562 652 509 1102 713 513 362 467 752 567 617 962 717 876 158 287 534 270 494 740 ; 
640 969 167 313 682 234 633 893 475 632 196 797 765 780 699 847 570 984 231 783 744 865 222 628 417 225 393 370 882 558 229 0 797 199 96 489 779 689 827 165 343 482 384 1006 615 625 398 550 919 424 332 997 618 584 640 402 688 773 571 709 390 775 190 389 317 672 412 374 328 437 493 822 764 684 645 494 198 265 566 635 417 532 684 482 182 753 460 157 534 351 675 744 371 1063 510 360 132 311 568 337 388 756 521 756 164 92 305 194 561 712 ; 
478 856 703 546 764 658 1193 704 1096 216 739 978 1017 95 814 539 271 712 655 810 252 622 823 1059 744 628 473 691 580 291 997 797 0 898 702 325 179 833 731 727 1030 683 612 769 500 1074 878 573 820 1049 673 791 611 440 443 757 869 690 247 1223 530 390 614 410 777 755 482 765 917 404 670 358 986 793 1037 304 625 726 231 853 561 920 1026 368 615 514 764 894 480 623 1087 1073 525 857 287 503 690 542 255 546 496 62 279 428 959 716 603 746 934 743 ; 
820 1166 363 488 881 244 782 1086 619 705 162 993 959 900 898 1028 708 1173 423 982 891 1052 96 807 616 410 560 569 1065 625 327 199 898 0 261 622 914 888 1022 364 478 680 577 1198 798 801 587 741 1116 575 530 1191 811 760 816 600 887 968 699 866 572 942 351 515 515 871 585 573 504 589 691 983 959 883 829 597 374 464 673 834 605 723 872 633 323 935 659 312 714 545 855 931 549 1258 621 530 221 485 698 365 421 849 639 928 172 276 312 393 752 910 ; 
559 911 119 227 633 191 666 825 517 541 190 769 747 684 655 768 474 912 167 733 650 791 249 634 380 149 304 323 804 469 310 96 702 261 0 393 684 649 765 132 398 430 319 937 537 634 396 480 861 464 281 932 552 500 557 369 654 709 475 735 310 687 96 293 296 622 326 345 349 343 439 732 740 639 645 399 113 231 470 603 344 522 676 388 87 674 425 218 453 288 680 737 289 999 415 272 84 225 472 269 314 662 425 671 260 32 250 171 551 658 ; 
305 734 379 221 544 406 883 602 776 246 478 749 769 292 589 480 86 657 329 620 272 537 564 767 443 303 155 383 524 225 675 489 325 622 393 0 293 600 584 402 705 404 306 701 306 780 565 331 687 727 358 709 396 237 280 452 628 530 82 922 220 353 299 107 459 533 174 455 595 84 395 378 744 567 753 104 304 403 117 598 263 628 753 70 309 404 471 571 238 310 801 807 209 781 81 181 401 217 79 329 304 300 59 357 653 401 378 420 646 540 ; 
323 678 655 487 608 690 1082 525 1004 330 766 820 866 84 658 359 209 533 596 644 80 444 853 932 634 577 405 593 401 381 952 779 179 914 684 293 0 680 557 675 959 560 515 590 350 950 777 437 643 960 585 611 460 303 290 651 718 519 215 1102 444 212 589 399 689 600 401 664 834 346 545 179 833 638 906 332 588 650 262 709 461 798 887 301 602 340 646 847 354 534 955 930 448 678 302 438 694 485 215 596 556 221 278 253 943 690 650 686 808 582 ; 
356 319 531 485 73 813 505 329 520 842 837 149 186 749 28 421 592 432 484 121 599 365 897 318 272 512 478 325 419 824 682 689 833 888 649 600 680 0 233 526 575 226 351 418 333 341 343 270 277 506 368 393 222 394 391 287 41 215 631 485 415 495 596 622 376 79 445 316 451 528 224 559 153 42 275 701 556 424 709 73 362 241 233 530 639 367 229 614 367 375 318 260 439 437 682 478 726 492 621 821 830 843 657 449 788 623 839 494 226 113 ; 
281 152 660 556 179 897 738 96 745 799 939 314 386 637 205 224 544 199 599 124 478 147 1011 551 434 616 514 461 206 803 869 827 731 1022 765 584 557 233 0 662 784 349 445 193 278 574 547 290 103 726 495 175 215 347 311 454 270 57 585 716 471 347 690 644 544 184 480 484 651 537 336 398 348 200 507 688 657 569 670 303 426 467 461 519 730 216 402 787 356 477 548 475 497 236 661 529 830 562 575 872 867 757 631 304 952 746 905 640 456 133 ; 
491 804 24 188 517 321 550 731 410 597 321 640 615 692 535 696 472 824 81 618 628 707 372 504 254 99 271 205 728 535 276 165 727 364 132 402 675 526 662 0 312 316 224 843 463 505 265 391 754 358 167 834 456 442 496 241 528 609 483 614 248 638 138 324 164 507 281 215 232 331 328 691 610 520 513 441 108 102 502 476 263 390 544 375 169 601 298 171 388 191 549 604 235 899 448 237 216 190 478 380 417 696 448 614 299 101 372 39 419 547 ; 
712 894 336 484 606 576 305 872 142 909 538 625 565 986 597 892 766 975 376 694 900 876 543 367 367 406 559 379 913 846 156 343 1030 478 398 705 959 575 784 312 0 462 449 977 680 354 236 586 850 102 376 957 625 685 729 346 554 743 783 390 514 877 446 635 276 600 558 320 137 627 480 938 579 592 403 752 420 308 811 503 503 342 458 667 468 803 386 186 626 425 413 508 511 1009 757 528 468 488 777 667 712 1004 755 843 313 367 643 286 366 650 ; 
261 487 317 259 202 588 523 426 465 650 615 365 370 612 228 430 419 525 263 302 487 417 679 375 94 288 263 112 451 621 526 482 683 680 430 404 560 226 349 316 462 0 124 536 229 391 237 132 437 430 150 523 163 257 286 116 242 299 453 542 196 430 370 406 198 192 234 143 325 323 18 494 350 210 354 498 332 220 519 201 144 238 349 337 413 342 87 439 206 149 403 403 218 585 483 257 504 266 443 595 607 680 463 390 603 407 613 292 251 230 ; 
273 592 217 135 321 466 580 509 489 548 498 489 490 553 351 474 341 600 154 419 452 482 567 461 137 171 153 79 504 511 475 384 612 577 319 306 515 351 445 224 449 124 0 621 244 473 265 167 541 445 73 614 234 237 285 146 366 390 369 615 86 432 250 290 174 310 133 152 319 222 127 491 472 332 449 391 214 150 423 324 54 322 455 247 292 379 168 376 179 33 496 512 102 680 381 139 387 142 360 470 483 600 365 402 522 301 488 211 342 341 ; 
402 145 839 718 372 1053 920 112 936 882 1103 465 544 674 391 234 642 59 775 298 523 163 1179 731 624 787 664 646 189 903 1060 1006 769 1198 937 701 590 418 193 843 977 536 621 0 413 755 740 457 155 918 677 35 387 472 421 645 452 238 680 889 632 385 856 778 734 377 631 675 844 671 522 411 507 390 686 799 826 754 765 491 593 657 634 644 893 296 595 976 500 654 722 638 656 88 769 684 996 723 672 1013 1000 808 737 358 1138 921 1052 824 644 326 ; 
32 429 453 311 264 640 748 306 693 529 692 478 518 416 314 232 273 380 386 322 271 257 771 587 318 390 250 301 267 527 718 615 500 798 537 306 350 333 278 463 680 229 244 413 0 606 464 97 382 657 314 415 111 70 61 338 369 224 314 759 226 201 449 369 404 255 218 360 544 260 211 265 486 293 558 410 424 394 397 358 200 457 537 240 483 137 316 620 86 275 607 579 248 487 384 272 588 314 303 601 592 512 354 163 762 526 638 455 464 247 ; 
637 638 525 586 405 826 165 671 236 1022 815 316 240 1004 370 753 807 772 517 457 875 705 846 24 336 555 626 399 757 980 504 625 1074 801 634 780 950 341 574 505 354 391 473 755 606 0 241 514 605 253 432 727 508 647 667 328 304 555 839 152 560 799 631 754 353 406 606 331 298 695 406 864 267 378 70 862 592 425 897 276 518 154 129 718 670 685 311 489 598 474 59 161 573 760 854 608 718 592 829 881 911 1068 839 755 652 602 878 466 142 451 ; 
497 659 284 356 370 586 317 636 229 799 581 416 373 819 363 664 607 739 277 460 709 642 620 238 146 315 410 186 682 751 340 398 878 587 396 565 777 343 547 265 236 237 265 740 464 241 0 367 615 192 207 721 396 483 519 127 327 506 633 363 348 665 390 525 114 364 396 113 107 481 255 729 377 357 249 638 351 185 681 274 318 135 285 511 428 578 154 285 427 255 284 345 356 773 634 386 480 362 625 640 670 863 622 627 461 364 637 226 164 413 ; 
130 441 384 266 212 607 652 345 596 571 650 419 447 495 257 311 322 433 319 294 360 315 724 496 222 330 228 211 339 556 633 550 573 741 480 331 437 270 290 391 586 132 167 457 97 514 367 0 391 560 231 451 75 134 155 242 302 233 361 666 180 298 401 367 312 201 194 266 450 265 114 362 419 236 469 434 370 311 438 280 137 363 453 261 440 218 219 538 97 200 518 500 206 519 413 240 541 271 351 587 586 578 387 259 689 465 616 377 371 213 ; 
382 50 753 657 246 998 770 124 797 898 1038 309 389 725 253 291 645 191 694 156 567 205 1109 581 515 713 617 550 260 905 946 919 820 1116 861 687 643 277 103 754 850 437 541 155 382 605 615 391 0 783 586 123 315 450 411 535 306 160 685 736 572 431 789 748 625 254 583 565 721 640 425 475 352 257 535 790 755 657 771 351 526 518 482 622 829 307 480 869 460 573 570 483 598 159 763 631 928 662 676 975 970 850 733 391 1038 841 1007 729 502 208 ; 
689 824 382 507 546 651 209 818 52 947 621 538 474 996 530 856 779 922 407 627 896 830 634 268 338 441 575 368 872 889 258 424 1049 575 464 727 960 506 726 358 102 430 445 918 657 253 192 560 783 0 377 896 588 672 711 318 480 690 801 291 521 857 496 669 272 541 567 299 132 645 448 920 491 528 306 786 465 324 839 432 499 265 364 681 525 770 346 270 615 428 312 410 523 943 787 546 541 512 794 732 773 1028 781 820 413 432 714 325 285 592 ; 
345 636 167 153 352 447 525 566 423 593 468 495 484 619 374 542 403 660 115 453 523 545 530 423 110 145 202 43 571 547 403 332 673 530 281 358 585 368 495 167 376 150 73 677 314 432 207 231 586 377 0 667 291 310 357 108 376 442 427 568 143 505 230 322 105 342 190 100 249 273 160 564 472 357 418 432 190 80 473 328 126 288 433 305 273 448 153 307 252 50 462 493 149 731 426 178 357 160 419 470 491 656 415 474 460 257 480 147 312 380 ; 
406 109 830 716 351 1053 892 109 912 897 1100 433 513 695 367 253 653 90 768 272 543 175 1175 703 609 782 664 635 210 915 1045 997 791 1191 932 709 611 393 175 834 957 523 614 35 415 727 721 451 123 896 667 0 379 477 428 630 425 225 692 859 629 404 852 783 719 357 631 660 825 675 509 434 476 367 657 808 821 743 778 466 589 633 605 650 890 306 578 962 501 646 693 607 654 72 779 683 992 720 684 1017 1005 829 747 373 1126 915 1054 813 619 307 ; 
136 366 451 341 154 682 656 275 619 630 724 368 406 527 203 268 376 368 388 224 380 255 797 487 257 402 303 264 288 621 686 618 611 811 552 396 460 222 215 456 625 163 234 387 111 508 396 75 315 588 291 379 0 174 170 279 258 158 416 660 256 291 475 440 359 144 269 306 488 335 145 356 375 182 455 500 443 370 497 249 211 364 430 327 514 183 242 595 158 267 503 470 282 446 477 315 615 347 406 662 660 622 449 247 752 535 692 438 367 144 ; 
70 497 428 272 328 587 780 368 712 459 644 542 577 361 377 270 203 433 362 391 229 311 726 629 337 359 201 306 311 457 708 584 440 760 500 237 303 394 347 442 685 257 237 472 70 647 483 134 450 672 310 477 174 0 56 355 429 293 244 798 195 196 408 306 408 319 174 373 552 198 241 254 547 356 603 340 388 386 327 413 185 494 587 173 439 181 344 607 58 264 652 633 213 549 314 229 544 275 234 541 528 449 284 172 738 493 580 439 504 315 ; 
34 456 483 329 320 643 807 321 749 488 701 534 577 357 371 214 233 380 416 370 210 259 782 648 373 415 258 349 255 493 759 640 443 816 557 280 290 391 311 496 729 286 285 421 61 667 519 155 411 711 357 428 170 56 0 392 428 260 274 820 250 148 465 358 452 312 231 412 595 251 269 209 545 350 619 381 444 435 359 419 235 517 598 222 496 127 374 658 108 314 668 640 269 501 353 285 601 332 264 593 578 459 322 117 793 549 634 491 525 300 ; 
371 583 249 260 289 546 435 537 357 693 559 399 380 695 299 546 486 637 214 388 582 532 613 317 21 249 298 71 567 652 415 402 757 600 369 452 651 287 454 241 346 116 146 645 338 328 127 242 535 318 108 630 279 355 392 0 287 407 515 469 232 539 333 427 90 281 279 30 209 367 133 602 372 286 310 534 292 138 569 234 195 181 325 393 375 457 58 334 299 145 355 385 245 688 525 279 450 267 506 577 599 746 511 502 504 341 585 208 204 327 ; 
394 345 535 501 114 823 469 366 491 872 843 123 148 786 69 463 624 468 491 153 637 405 900 280 274 521 501 333 460 851 668 688 869 887 654 628 718 41 270 528 554 242 366 452 369 304 327 302 306 480 376 425 258 429 428 287 0 256 663 446 435 536 606 645 372 119 469 314 434 554 243 599 118 83 237 728 566 425 739 54 383 214 192 558 649 408 229 605 399 388 278 219 459 465 709 498 733 508 653 837 849 878 685 489 780 627 853 495 196 154 ; 
229 209 606 499 150 840 717 129 712 748 883 321 386 597 187 210 493 232 544 130 439 150 955 532 386 560 457 409 204 750 822 773 690 968 709 530 519 215 57 609 743 299 390 238 224 555 506 233 160 690 442 225 158 293 260 407 256 0 534 701 414 313 633 588 495 152 423 437 608 480 284 370 349 177 490 634 601 517 619 279 369 437 449 464 673 180 358 738 300 422 534 470 439 289 607 472 773 505 524 815 810 713 577 268 901 691 847 588 429 104 ; 
305 730 461 299 569 476 949 589 849 215 551 780 808 210 617 451 41 632 409 636 207 518 637 824 504 384 226 447 496 222 757 571 247 699 475 82 215 631 585 483 783 453 369 680 314 839 633 361 685 801 427 692 416 244 274 515 663 534 0 984 285 310 381 184 531 559 237 521 670 156 442 323 781 595 807 128 386 478 85 639 321 685 802 122 390 387 528 653 264 378 856 853 278 764 96 256 480 296 10 387 354 230 66 325 735 484 440 500 702 559 ; 
790 764 636 719 553 926 89 812 248 1160 905 432 351 1154 514 903 953 912 639 595 1027 851 923 173 480 677 767 539 904 1114 546 709 1223 866 735 922 1102 485 716 614 390 542 615 889 759 152 363 666 736 291 568 859 660 798 820 469 446 701 984 0 702 952 748 888 477 554 749 467 386 837 557 1017 385 524 210 1000 710 547 1039 424 663 304 255 863 783 836 459 559 749 612 168 256 713 886 994 746 817 725 975 994 1029 1214 980 907 703 702 985 576 295 597 ; 
249 622 233 86 373 426 665 521 567 462 471 559 566 475 410 457 259 603 167 466 387 481 547 547 223 165 68 163 493 427 519 390 530 572 310 220 444 415 471 248 514 196 86 632 226 560 348 180 572 521 143 629 256 195 250 232 435 414 285 702 0 389 224 210 248 362 47 236 391 135 192 442 546 390 535 305 197 206 337 397 53 408 539 162 261 363 253 416 143 93 582 595 26 699 295 63 364 91 276 411 416 515 279 367 543 300 437 249 428 385 ; 
168 466 623 462 422 750 946 313 894 500 815 627 681 295 471 151 277 331 557 442 139 232 899 779 519 551 383 497 195 528 905 775 390 942 687 353 212 495 347 638 877 430 432 385 201 799 665 298 431 857 505 404 291 196 148 539 536 313 310 952 389 0 592 450 600 416 362 560 743 356 412 65 646 453 746 437 576 582 391 537 381 654 718 315 619 133 517 803 253 460 794 754 405 472 406 415 722 463 303 682 656 425 374 46 931 683 729 636 658 389 ; 
470 839 114 138 571 217 687 745 549 467 249 726 713 591 598 677 379 827 119 669 554 705 323 627 339 84 209 274 715 401 384 190 614 351 96 299 589 596 690 138 446 370 250 856 449 631 390 401 789 496 230 852 475 408 465 333 606 633 381 748 224 592 0 204 279 560 234 315 369 246 376 636 702 580 631 316 41 207 384 558 264 503 654 292 42 585 383 284 364 222 671 715 200 921 328 179 140 134 378 249 281 578 335 577 354 102 252 173 530 592 ; 
376 796 299 169 575 301 841 674 720 277 371 768 777 392 616 568 193 738 262 661 379 617 457 745 423 229 144 356 611 225 588 389 410 515 293 107 399 622 644 324 635 406 290 778 369 754 525 367 748 669 322 783 440 306 358 427 645 588 184 888 210 450 204 0 413 564 177 423 537 108 403 481 757 595 737 117 217 348 180 608 262 608 745 137 207 485 458 485 288 282 783 803 189 855 125 150 295 163 183 235 223 374 131 449 552 305 279 349 630 580 ; 
436 673 179 244 380 483 427 624 318 688 486 479 451 724 389 623 507 723 164 479 626 615 534 348 110 202 305 103 647 638 327 317 777 515 296 459 689 376 544 164 276 198 174 734 404 353 114 312 625 272 105 719 359 408 452 90 372 495 531 477 248 600 279 413 0 371 295 60 145 376 214 661 447 376 352 527 239 72 573 318 228 227 380 409 319 531 147 244 350 155 392 441 252 778 524 278 380 250 523 529 558 759 515 567 414 266 529 127 255 417 ; 
277 302 509 439 11 776 566 277 562 772 806 223 266 670 58 348 519 381 455 110 519 300 871 383 261 478 421 302 351 758 692 672 755 871 622 533 600 79 184 507 600 192 310 377 255 406 364 201 254 541 342 357 144 319 312 281 119 152 559 554 362 416 560 564 371 0 387 311 469 465 184 479 233 38 343 635 522 407 638 130 310 285 307 463 602 289 225 615 296 338 389 338 387 410 614 425 695 445 549 773 778 767 588 369 785 599 796 480 277 50 ; 
236 632 264 99 398 422 712 522 614 418 473 592 604 429 439 444 212 598 200 487 347 476 553 593 269 189 34 210 482 386 556 412 482 585 326 174 401 445 480 281 558 234 133 631 218 606 396 194 583 567 190 631 269 174 231 279 469 423 237 749 47 362 234 177 295 387 0 284 437 90 228 411 582 418 579 263 214 249 291 434 90 454 581 115 266 351 298 452 132 140 627 636 47 702 250 55 371 101 228 393 392 467 232 344 570 321 424 286 473 405 ; 
393 613 226 254 319 526 428 566 340 693 536 424 401 705 328 572 494 666 196 418 598 560 588 323 50 232 300 73 594 648 385 374 765 573 345 455 664 316 484 215 320 143 152 675 360 331 113 266 565 299 100 660 306 373 412 30 314 437 521 467 236 560 315 423 60 311 284 0 184 370 160 622 394 316 320 532 274 114 571 261 204 190 339 399 357 482 87 304 316 145 363 400 246 718 526 278 427 260 512 562 586 751 513 524 475 316 567 181 216 357 ; 
576 766 255 375 475 540 318 738 183 814 521 519 469 867 471 755 648 840 275 567 771 739 548 303 230 310 443 246 776 758 234 328 917 504 349 595 834 451 651 232 137 325 319 844 544 298 107 450 721 132 249 825 488 552 595 209 434 608 670 386 391 743 369 537 145 469 437 184 0 513 343 804 477 464 326 654 336 192 706 382 373 234 373 550 401 666 250 193 494 299 351 430 392 879 655 414 430 380 662 611 649 896 649 707 364 316 599 196 261 518 ; 
268 689 310 144 476 395 798 566 693 328 459 676 691 360 519 463 140 632 254 558 307 510 543 683 359 232 71 298 506 298 607 437 404 589 343 84 346 528 537 331 627 323 222 671 260 695 481 265 640 645 273 675 335 198 251 367 554 480 156 837 135 356 246 108 376 465 90 370 513 0 316 394 668 497 669 174 242 322 201 521 180 543 671 45 266 378 388 502 180 225 717 726 124 747 160 99 368 141 149 342 331 383 143 349 599 346 383 345 563 477 ; 
244 475 327 260 195 593 539 411 482 641 622 366 375 598 223 412 407 509 271 294 471 400 688 389 112 294 259 125 434 614 542 493 670 691 439 395 545 224 336 328 480 18 127 522 211 406 255 114 425 448 160 509 145 241 269 133 243 284 442 557 192 412 376 403 214 184 228 160 343 316 0 476 354 204 366 491 338 233 510 205 140 253 359 328 418 324 104 454 192 154 416 411 216 572 475 255 511 267 432 596 606 668 454 373 616 417 616 304 264 220 ; 
232 506 675 510 485 782 1011 354 958 493 850 687 743 263 533 185 295 354 609 500 123 271 935 844 582 601 429 558 224 531 961 822 358 983 732 378 179 559 398 691 938 494 491 411 265 864 729 362 475 920 564 434 356 254 209 602 599 370 323 1017 442 65 636 481 661 479 411 622 804 394 476 0 708 516 811 452 624 640 397 602 439 719 783 351 660 193 581 858 312 518 859 818 456 499 420 462 762 511 318 706 676 400 389 110 981 730 756 691 723 450 ; 
510 379 621 607 225 918 428 440 489 989 931 49 37 902 175 560 742 535 584 224 752 493 981 244 363 617 613 428 551 967 710 764 986 959 740 744 833 153 348 610 579 350 472 507 486 267 377 419 352 491 472 476 375 547 545 372 118 349 781 385 546 646 702 757 447 233 582 394 477 668 354 708 0 195 197 843 661 509 856 149 494 243 138 675 745 515 319 662 517 491 222 130 569 501 826 608 822 614 770 940 955 996 802 599 838 711 952 574 216 257 ; 
315 302 523 464 31 797 540 296 545 807 825 185 228 708 21 380 556 399 472 103 557 327 888 355 269 498 451 316 380 792 691 684 793 883 639 567 638 42 200 520 592 210 332 390 293 378 357 236 257 528 357 367 182 356 350 286 83 177 595 524 390 453 580 595 376 38 418 316 464 497 204 516 195 0 313 669 542 418 674 103 337 266 274 497 623 325 229 619 332 358 357 302 415 416 649 453 713 470 585 799 806 805 623 406 791 614 820 490 255 73 ; 
587 567 530 570 342 834 235 603 297 997 830 246 172 963 304 692 773 704 513 388 828 641 867 46 314 551 603 381 694 960 547 645 1037 829 645 753 906 275 507 513 403 354 449 686 558 70 249 469 535 306 418 657 455 603 619 310 237 490 807 210 535 746 631 737 352 343 579 320 326 669 366 811 197 313 0 840 591 424 870 213 489 129 60 689 671 628 281 519 557 454 49 105 551 690 829 587 729 577 797 880 906 1035 812 701 689 613 881 474 106 387 ; 
408 837 416 282 646 362 955 702 837 161 442 849 866 304 690 573 160 752 379 724 335 635 527 851 527 346 237 462 618 123 701 494 304 597 399 104 332 701 688 441 752 498 391 799 410 862 638 434 790 786 432 808 500 340 381 534 728 634 128 1000 305 437 316 117 527 635 263 532 654 174 491 452 843 669 840 0 334 463 75 696 354 713 844 173 312 502 559 600 342 388 887 900 289 881 31 254 386 276 134 263 226 262 63 448 655 416 318 466 733 644 ; 
446 805 83 115 533 257 651 714 517 489 284 685 672 596 560 654 379 799 78 632 547 678 354 587 298 44 194 233 691 426 372 198 625 374 113 304 588 556 657 108 420 332 214 826 424 592 351 370 755 465 190 821 443 388 444 292 566 601 386 710 197 576 41 217 239 522 214 274 336 242 338 624 661 542 591 334 0 167 397 518 232 463 614 287 83 561 342 268 340 184 631 674 175 889 342 161 173 113 381 289 319 592 345 559 359 106 293 139 489 556 ; 
424 707 111 183 417 413 494 642 374 625 421 538 516 678 433 622 458 738 92 518 593 624 475 420 152 130 252 108 650 571 324 265 726 464 231 403 650 424 569 102 308 220 150 754 394 425 185 311 657 324 80 743 370 386 435 138 425 517 478 547 206 582 207 348 72 407 249 114 192 322 233 640 509 418 424 463 167 0 514 373 201 297 450 359 247 528 195 227 328 122 464 511 203 805 463 222 313 188 471 456 485 703 456 552 383 202 457 72 325 449 ; 
390 815 478 331 649 438 999 675 888 133 517 858 881 229 695 534 126 716 435 718 275 603 602 884 560 405 271 499 580 137 768 566 231 673 470 117 262 709 670 502 811 519 423 765 397 897 681 438 771 839 473 778 497 327 359 569 739 619 85 1039 337 391 384 180 573 638 291 571 706 201 510 397 856 674 870 75 397 514 0 711 380 745 869 182 383 472 588 666 341 426 918 922 325 849 55 295 461 326 95 335 294 194 58 408 728 485 391 525 763 641 ; 
386 392 484 459 129 775 437 399 446 844 793 167 170 773 99 478 601 502 442 195 630 429 848 253 222 473 464 284 481 819 614 635 853 834 603 598 709 73 303 476 503 201 324 491 358 276 274 280 351 432 328 466 249 413 419 234 54 279 639 424 397 537 558 608 318 130 434 261 382 521 205 602 149 103 213 696 518 373 711 0 345 167 181 529 601 415 178 551 376 343 260 220 420 510 679 459 682 466 628 792 807 858 656 491 726 575 807 442 153 175 ; 
227 576 253 131 321 472 631 482 543 508 513 506 515 500 357 432 291 568 186 415 398 448 586 504 183 194 119 131 465 476 523 417 561 605 344 263 461 362 426 263 503 144 54 593 200 518 318 137 526 499 126 589 211 185 235 195 383 369 321 663 53 381 264 262 228 310 90 204 373 180 140 439 494 337 489 354 232 201 380 345 0 365 490 200 303 337 208 423 127 79 537 546 77 657 341 116 404 137 311 462 469 551 322 353 562 329 487 256 383 335 ; 
489 559 406 441 288 710 292 561 279 871 711 285 237 851 266 621 653 665 385 362 723 583 753 139 185 422 476 251 631 832 467 532 920 723 522 628 798 241 467 390 342 238 322 657 457 154 135 363 518 265 288 633 364 494 517 181 214 437 685 304 408 654 503 608 227 285 454 190 234 543 253 719 243 266 129 713 463 297 745 167 365 0 153 565 544 546 157 420 444 326 174 214 423 677 703 459 606 448 675 752 777 914 687 611 595 491 754 352 29 335 ; 
565 512 559 582 304 863 291 556 356 999 864 187 112 949 261 654 766 656 536 339 808 598 905 106 325 572 607 393 653 966 599 684 1026 872 676 753 887 233 461 544 458 349 455 634 537 129 285 453 482 364 433 605 430 587 598 325 192 449 802 255 539 718 654 745 380 307 581 339 373 671 359 783 138 274 60 844 614 450 869 181 490 153 0 686 696 595 287 565 546 465 88 61 557 635 831 595 760 589 792 901 925 1027 812 672 737 645 906 505 125 347 ; 
243 670 354 186 474 434 827 542 728 314 500 679 700 319 519 430 99 602 296 551 261 481 585 705 382 276 107 325 473 295 651 482 368 633 388 70 301 530 519 375 667 337 247 644 240 718 511 261 622 681 305 650 327 173 222 393 558 464 122 863 162 315 292 137 409 463 115 399 550 45 328 351 675 497 689 173 287 359 182 529 200 565 686 0 311 348 408 546 169 256 737 740 157 722 151 139 411 184 113 373 356 352 127 312 645 391 416 387 583 471 ; 
503 879 147 174 613 174 720 782 578 455 210 768 755 599 641 710 392 863 161 711 572 741 287 666 381 127 238 317 749 385 394 182 615 323 87 309 602 639 730 169 468 413 292 893 483 670 428 440 829 525 273 890 514 439 496 375 649 673 390 783 261 619 42 207 319 602 266 357 401 266 418 660 745 623 671 312 83 247 383 601 303 544 696 311 0 618 425 297 397 264 710 757 236 959 328 211 104 169 388 211 248 575 338 606 345 106 210 207 571 633 ; 
115 348 590 447 294 769 838 202 803 595 825 494 551 420 341 94 347 253 524 308 262 133 905 663 436 527 381 430 130 609 851 753 514 935 674 404 340 367 216 601 803 342 379 296 137 685 578 218 307 770 448 306 183 181 127 457 408 180 387 836 363 133 585 485 531 289 351 482 666 378 324 193 515 325 628 502 561 528 472 415 337 546 595 348 618 0 424 755 221 411 675 627 385 378 473 406 723 450 378 720 705 542 441 88 900 663 761 591 547 257 ; 
349 527 305 296 233 599 436 488 379 716 614 344 331 696 241 510 495 590 265 331 573 489 670 296 44 298 322 110 528 680 467 460 764 659 425 471 646 229 402 298 386 87 168 595 316 311 154 219 480 346 153 578 242 344 374 58 229 358 528 459 253 517 383 458 147 225 298 87 250 388 104 581 319 229 281 559 342 195 588 178 208 157 287 408 425 424 0 390 291 178 329 345 270 634 548 308 504 303 518 623 642 757 530 477 562 397 634 265 175 272 ; 
649 918 192 360 624 390 480 865 319 751 352 701 658 862 630 849 643 963 252 722 799 851 364 495 354 270 443 331 878 683 104 157 894 312 218 571 847 614 787 171 186 439 376 976 620 489 285 538 869 270 307 962 595 607 658 334 605 738 653 559 416 803 284 485 244 615 452 304 193 502 454 858 662 619 519 600 268 227 666 551 423 420 565 546 297 755 390 0 550 345 543 622 405 1022 610 409 283 362 648 485 532 860 614 776 175 192 458 167 449 661 ; 
106 508 375 226 307 553 728 391 656 475 606 516 544 406 353 314 225 466 308 382 283 343 685 581 282 308 164 248 351 463 651 534 480 714 453 238 354 367 356 388 626 206 179 500 86 598 427 97 460 615 252 501 158 58 108 299 399 300 264 749 143 253 364 288 350 296 132 316 494 180 192 312 517 332 557 342 340 328 341 376 127 444 546 169 397 221 291 550 0 206 607 594 164 572 319 186 502 229 253 517 510 482 292 226 685 443 553 383 456 302 ; 
304 623 184 118 349 439 573 542 473 548 468 509 506 568 376 506 352 633 121 448 474 515 536 463 140 141 154 74 537 506 445 351 623 545 288 310 534 375 477 191 425 149 33 654 275 474 255 200 573 428 50 646 267 264 314 145 388 422 378 612 93 460 222 282 155 338 140 145 299 225 154 518 491 358 454 388 184 122 426 343 79 326 465 256 264 411 178 345 206 0 500 523 101 712 381 133 357 125 369 449 465 607 368 431 490 268 465 179 348 371 ; 
637 599 567 615 387 870 206 644 294 1045 864 271 192 1013 347 738 822 744 554 427 878 684 897 47 360 592 650 426 738 1007 562 675 1087 855 680 801 955 318 548 549 413 403 496 722 607 59 284 518 570 312 462 693 503 652 668 355 278 534 856 168 582 794 671 783 392 389 627 363 351 717 416 859 222 357 49 887 631 464 918 260 537 174 88 737 710 675 329 543 607 500 0 105 598 722 877 634 764 622 846 920 948 1084 860 749 709 648 920 510 154 431 ; 
606 509 620 641 333 924 309 569 397 1053 925 176 95 994 287 680 817 665 596 351 850 618 966 142 384 633 663 452 675 1022 652 744 1073 931 737 807 930 260 475 604 508 403 512 638 579 161 345 500 483 410 493 607 470 633 640 385 219 470 853 256 595 754 715 803 441 338 636 400 430 726 411 818 130 302 105 900 674 511 922 220 546 214 61 740 757 627 345 622 594 523 105 0 614 631 886 652 821 648 843 962 984 1076 866 707 793 705 967 566 186 372 ; 
270 648 218 62 399 400 674 546 571 448 446 582 588 475 435 479 256 627 153 491 394 505 523 562 238 146 53 174 515 409 509 371 525 549 289 209 448 439 497 235 511 218 102 656 248 573 356 206 598 523 149 654 282 213 269 245 459 439 278 713 26 405 200 189 252 387 47 246 392 124 216 456 569 415 551 289 175 203 325 420 77 423 557 157 236 385 270 405 164 101 598 614 0 724 280 39 340 66 270 385 391 507 266 384 526 280 411 239 444 411 ; 
479 122 896 785 403 1123 925 180 956 968 1169 455 536 762 412 321 725 146 834 315 611 246 1244 736 668 849 735 697 277 987 1102 1063 857 1258 999 781 678 437 236 899 1009 585 680 88 487 760 773 519 159 943 731 72 446 549 501 688 465 289 764 886 699 472 921 855 778 410 702 718 879 747 572 499 501 416 690 881 889 805 849 510 657 677 635 722 959 378 634 1022 572 712 722 631 724 0 851 754 1061 790 755 1089 1077 896 819 444 1188 981 1125 877 661 362 ; 
380 809 423 280 625 389 951 674 837 167 467 830 850 278 670 542 128 722 382 700 303 606 553 842 518 351 227 455 588 144 713 510 287 621 415 81 302 682 661 448 757 483 381 769 384 854 634 413 763 787 426 779 477 314 353 525 709 607 96 994 295 406 328 125 524 614 250 526 655 160 475 420 826 649 829 31 342 463 55 679 341 703 831 151 328 473 548 610 319 381 877 886 280 851 0 248 407 275 102 293 258 249 32 417 673 429 347 471 723 621 ; 
291 681 218 49 436 369 703 575 595 414 419 621 627 459 473 499 238 652 157 528 391 530 498 597 273 141 34 208 537 372 513 360 503 530 272 181 438 478 529 237 528 257 139 684 272 608 386 240 631 546 178 683 315 229 285 279 498 472 256 746 63 415 179 150 278 425 55 278 414 99 255 462 608 453 587 254 161 222 295 459 116 459 595 139 211 406 308 409 186 133 634 652 39 754 248 0 316 49 249 348 353 482 237 398 519 268 376 248 480 448 ; 
607 978 201 277 706 109 746 885 593 512 111 849 829 684 731 815 487 967 241 805 670 845 183 718 460 216 343 400 853 435 362 132 690 221 84 401 694 726 830 216 468 504 387 996 588 718 480 541 928 541 357 992 615 544 601 450 733 773 480 817 364 722 140 295 380 695 371 427 430 368 511 762 822 713 729 386 173 313 461 682 404 606 760 411 104 723 504 283 502 357 764 821 340 1061 407 316 0 273 479 204 256 645 422 710 276 116 175 255 635 729 ; 
335 713 170 7 457 335 678 612 562 438 379 631 630 502 490 543 281 693 113 552 439 571 456 583 265 93 82 197 581 388 467 311 542 485 225 217 485 492 562 190 488 266 142 723 314 592 362 271 662 512 160 720 347 275 332 267 508 505 296 725 91 463 134 163 250 445 101 260 380 141 267 511 614 470 577 276 113 188 326 466 137 448 589 184 169 450 303 362 229 125 622 648 66 790 275 49 273 0 289 328 341 517 269 445 470 219 350 204 471 472 ; 
295 720 455 293 559 477 941 580 841 225 552 770 797 214 606 443 31 623 403 625 203 509 638 815 494 378 218 439 488 231 752 568 255 698 472 79 215 621 575 478 777 443 360 672 303 829 625 351 676 794 419 684 406 234 264 506 653 524 10 975 276 303 378 183 523 549 228 512 662 149 432 318 770 585 797 134 381 471 95 628 311 675 792 113 388 378 518 648 253 369 846 843 270 755 102 249 479 289 0 391 358 239 71 317 732 480 443 494 692 549 ; 
611 1025 358 335 784 122 930 908 784 342 203 959 954 563 819 803 410 974 366 877 594 852 281 877 580 329 358 513 847 262 567 337 546 365 269 329 596 821 872 380 667 595 470 1013 601 881 640 587 975 732 470 1017 662 541 593 577 837 815 387 994 411 682 249 235 529 773 393 562 611 342 596 706 940 799 880 263 289 456 335 792 462 752 901 373 211 720 623 485 517 449 920 962 385 1089 293 348 204 328 391 0 56 491 321 684 471 300 56 418 778 796 ; 
598 1019 394 348 789 178 968 897 825 288 258 972 971 519 826 784 381 958 394 879 561 837 335 906 601 356 358 532 828 208 617 388 496 421 314 304 556 830 867 417 712 607 483 1000 592 911 670 586 970 773 491 1005 660 528 578 599 849 810 354 1029 416 656 281 223 558 778 392 586 649 331 606 676 955 806 906 226 319 485 294 807 469 777 925 356 248 705 642 532 510 465 948 984 391 1077 258 353 256 341 358 56 0 440 287 662 525 344 110 454 802 798 ; 
494 888 672 521 776 606 1180 737 1077 156 688 990 1025 140 826 576 261 752 628 830 286 657 771 1054 734 598 454 678 619 233 962 756 62 849 662 300 221 843 757 696 1004 680 600 808 512 1068 863 578 850 1028 656 829 622 449 459 746 878 713 230 1214 515 425 578 374 759 767 467 751 896 383 668 400 996 805 1035 262 592 703 194 858 551 914 1027 352 575 542 757 860 482 607 1084 1076 507 896 249 482 645 517 239 491 440 0 248 459 917 678 548 718 930 759 ; 
350 778 424 273 599 412 940 642 831 187 489 805 827 261 644 510 96 690 379 672 274 574 575 826 502 350 213 441 556 173 717 521 279 639 425 59 278 657 631 448 755 463 365 737 354 839 622 387 733 781 415 747 449 284 322 511 685 577 66 980 279 374 335 131 515 588 232 513 649 143 454 389 802 623 812 63 345 456 58 656 322 687 812 127 338 441 530 614 292 368 860 866 266 819 32 237 422 269 71 321 287 248 0 385 684 437 374 469 705 593 ; 
131 428 600 443 375 745 903 278 855 524 807 580 634 334 424 125 288 307 533 396 175 199 890 734 481 531 368 464 171 546 876 756 428 928 671 357 253 449 304 614 843 390 402 358 163 755 627 259 391 820 474 373 247 172 117 502 489 268 325 907 367 46 577 449 567 369 344 524 707 349 373 110 599 406 701 448 559 552 408 491 353 611 672 312 606 88 477 776 226 431 749 707 384 444 417 398 710 445 317 684 662 459 385 0 910 664 729 609 614 342 ; 
789 1087 310 471 794 353 618 1026 455 787 285 877 832 944 802 995 733 1121 377 893 906 1005 255 661 523 380 552 491 1027 711 158 164 959 172 260 653 943 788 952 299 313 603 522 1138 762 652 461 689 1038 413 460 1126 752 738 793 504 780 901 735 703 543 931 354 552 414 785 570 475 364 599 616 981 838 791 689 655 359 383 728 726 562 595 737 645 345 900 562 175 685 490 709 793 526 1188 673 519 276 470 732 471 525 917 684 910 0 253 427 313 623 830 ; 
549 891 91 221 610 224 634 809 485 562 220 740 717 694 630 758 481 898 147 710 652 778 273 601 353 135 300 298 793 492 287 92 716 276 32 401 690 623 746 101 367 407 301 921 526 602 364 465 841 432 257 915 535 493 549 341 627 691 484 702 300 683 102 305 266 599 321 316 316 346 417 730 711 614 613 416 106 202 485 575 329 491 645 391 106 663 397 192 443 268 648 705 280 981 429 268 116 219 480 300 344 678 437 664 253 0 283 139 520 637 ; 
650 1057 353 357 807 74 917 945 766 398 150 974 964 619 840 846 461 1014 371 902 646 892 225 875 590 336 390 524 889 318 534 305 603 312 250 378 650 839 905 372 643 613 488 1052 638 878 637 616 1007 714 480 1054 692 580 634 585 853 847 440 985 437 729 252 279 529 796 424 567 599 383 616 756 952 820 881 318 293 457 391 807 487 754 906 416 210 761 634 458 553 465 920 967 411 1125 347 376 175 350 443 56 110 548 374 729 427 283 0 411 782 822 ; 
483 779 60 201 489 360 513 712 377 625 359 605 578 706 505 685 485 807 91 590 634 692 407 464 222 120 281 179 715 565 270 194 746 393 171 420 686 494 640 39 286 292 211 824 455 466 226 377 729 325 147 813 438 439 491 208 495 588 500 576 249 636 173 349 127 480 286 181 196 345 304 691 574 490 474 466 139 72 525 442 256 352 505 387 207 591 265 167 383 179 510 566 239 877 471 248 255 204 494 418 454 718 469 609 313 139 411 0 380 521 ; 
495 542 434 464 279 738 291 551 294 891 739 259 208 863 252 619 669 655 412 347 732 577 782 124 207 448 496 274 626 853 494 561 934 752 551 646 808 226 456 419 366 251 342 644 464 142 164 371 502 285 312 619 367 504 525 204 196 429 702 295 428 658 530 630 255 277 473 216 261 563 264 723 216 255 106 733 489 325 763 153 383 29 125 583 571 547 175 449 456 348 154 186 444 661 723 480 635 471 692 778 802 930 705 614 623 520 782 380 0 326 ; 
265 257 547 466 47 806 613 226 612 774 840 238 293 655 85 308 519 330 491 81 501 253 907 428 307 512 440 342 306 765 740 712 743 910 658 540 582 113 133 547 650 230 341 326 247 451 413 213 208 592 380 307 144 315 300 327 154 104 559 597 385 389 592 580 417 50 405 357 518 477 220 450 257 73 387 644 556 449 641 175 335 335 347 471 633 257 272 661 302 371 431 372 411 362 621 448 729 472 549 796 798 759 593 342 830 637 822 521 326 0 
]

Q[d,p] = [
2 1 0 4 1 0 0 0 0 1 ; 
0 0 2 0 3 0 0 1 0 0 ; 
2 3 4 2 4 0 0 2 4 0 ; 
4 0 0 0 0 4 0 0 0 1 ; 
3 0 0 0 0 0 3 0 0 3 ; 
0 0 0 0 1 3 4 1 0 3 ; 
0 0 0 1 4 0 0 3 0 0 ; 
4 2 1 0 0 4 2 0 2 1 ; 
1 4 3 0 0 1 0 3 0 0 ; 
0 2 4 0 0 3 0 0 0 0 ; 
3 0 0 0 0 0 0 0 0 1 ; 
2 0 1 0 3 2 4 0 0 2 ; 
0 0 0 0 0 4 0 4 3 0 ; 
0 4 0 0 1 4 1 0 3 3 ; 
0 0 2 0 2 3 0 0 0 0 ; 
1 0 0 0 0 4 3 3 0 0 ; 
0 3 4 0 4 0 1 0 3 0 ; 
0 3 0 0 4 2 1 1 3 0 ; 
0 3 1 0 2 3 0 0 0 3 ; 
1 2 3 0 0 0 0 0 0 1 ; 
2 0 0 1 2 0 2 0 0 2 ; 
0 4 0 0 0 0 2 2 4 3 ; 
2 3 4 4 0 2 0 2 0 0 ; 
2 0 1 1 3 0 0 4 0 0 ; 
0 0 0 2 4 3 0 4 0 4 ; 
0 0 0 0 2 0 0 0 0 0 ; 
1 2 2 4 4 4 0 0 0 0 ; 
0 2 1 0 0 0 0 0 0 0 ; 
1 0 1 0 4 0 0 0 0 3 ; 
0 0 0 0 0 0 0 0 0 0 ; 
2 0 1 0 1 4 2 0 0 1 ; 
0 3 1 0 0 0 0 4 1 0 ; 
0 2 0 0 3 3 0 0 0 1 ; 
3 3 0 0 0 0 3 0 4 1 ; 
0 0 0 0 3 0 0 2 3 0 ; 
4 0 0 0 3 0 0 4 0 0 ; 
0 1 0 2 1 0 0 0 0 0 ; 
2 3 3 0 0 0 2 0 0 0 ; 
0 2 0 3 0 1 0 0 2 2 ; 
2 0 3 0 4 3 0 2 1 0 ; 
0 0 0 0 0 1 4 0 0 0 ; 
4 2 0 1 1 3 0 4 0 1 ; 
0 2 0 0 3 1 2 0 4 0 ; 
0 0 3 0 2 3 4 0 0 0 ; 
4 3 0 0 0 0 0 4 3 0 ; 
0 0 0 4 0 4 3 4 0 0 ; 
0 0 0 0 0 0 3 1 0 0 ; 
1 1 0 0 0 3 4 0 0 0 ; 
0 0 0 3 0 2 4 3 0 1 ; 
0 0 0 3 2 1 0 3 0 0 ; 
0 3 0 2 0 4 3 0 3 1 ; 
0 0 1 0 0 0 0 0 1 0 ; 
0 1 1 2 0 2 0 0 0 3 ; 
2 0 0 2 3 0 0 2 0 4 ; 
0 1 0 0 4 1 0 0 0 2 ; 
1 3 1 0 0 2 3 0 1 0 ; 
0 0 4 4 0 0 3 0 0 0 ; 
0 0 4 4 0 0 0 1 0 0 ; 
0 0 3 0 0 0 0 0 0 1 ; 
0 0 3 0 2 0 4 4 1 4 ; 
0 0 1 0 2 0 3 0 0 0 ; 
4 0 0 0 0 0 0 0 1 0 ; 
0 4 4 0 0 0 0 0 1 0 ; 
0 3 0 0 0 0 0 0 4 0 ; 
0 0 2 4 0 0 0 1 0 0 ; 
4 0 0 3 0 3 1 0 1 0 ; 
0 0 0 0 4 0 0 3 2 0 ; 
0 0 4 0 4 0 3 0 1 3 ; 
0 3 0 1 1 0 0 0 3 3 ; 
0 2 3 0 0 0 0 1 1 0 ; 
0 0 0 0 0 1 2 0 3 0 ; 
0 0 0 0 0 0 4 0 0 4 ; 
0 0 0 4 0 0 0 1 3 0 ; 
0 0 0 3 0 3 0 0 3 0 ; 
0 0 2 0 3 1 0 0 0 4 ; 
0 0 1 0 0 3 2 0 0 1 ; 
0 0 3 0 3 0 0 1 0 0 ; 
0 0 0 0 0 0 0 0 0 0 ; 
0 0 0 4 0 2 2 2 2 2 ; 
1 1 0 2 2 0 4 0 1 0 ; 
0 4 0 1 1 0 0 0 0 0 ; 
0 0 1 0 0 0 0 0 0 0 ; 
0 1 0 4 3 0 1 0 0 0 ; 
0 4 0 0 1 0 1 0 3 2 ; 
0 4 0 2 0 0 0 1 0 1 ; 
0 4 0 0 0 0 0 0 0 0 ; 
0 2 0 0 2 2 0 3 0 3 ; 
3 4 3 2 0 0 0 1 0 0 ; 
0 0 0 0 0 0 2 0 1 0 ; 
1 0 0 0 4 1 3 2 0 0 ; 
4 3 4 0 4 0 4 0 0 0 ; 
0 4 1 3 0 1 0 0 0 1 ; 
3 4 0 0 0 2 0 0 0 0 ; 
2 1 0 1 1 0 0 1 0 4 ; 
0 0 3 0 2 1 1 0 2 0 ; 
4 0 0 0 2 2 0 1 0 2 ; 
0 0 4 0 0 0 0 2 0 1 ; 
3 0 0 0 0 0 0 0 0 2 ; 
0 0 2 0 0 3 0 0 3 0 ; 
0 0 1 0 0 1 4 0 0 3 
]
