

nbDEMANDES = 20

nbPRODUITS = 10

nbMAGASINS = 10

nbNOEUDS = 30

S[m,p] = [
7 1 7 1 9 9 6 1 0 0 ; 
5 0 4 7 7 3 7 1 3 1 ; 
6 2 0 0 8 6 0 3 7 0 ; 
5 6 7 6 0 2 6 6 6 6 ; 
5 2 7 7 0 0 0 6 0 4 ; 
6 0 0 0 9 4 0 4 5 9 ; 
0 9 4 9 3 0 6 1 7 4 ; 
0 0 0 2 5 0 7 0 0 0 ; 
2 3 0 3 5 8 0 5 0 5 ; 
0 1 0 0 0 4 7 0 9 3 
]

R[i,j] = [
0 963 723 576 657 104 404 860 9 771 116 705 433 861 687 719 537 37 583 552 493 582 900 355 531 153 693 749 930 22 ; 
963 0 828 814 894 1025 591 127 965 609 962 785 618 293 650 522 829 977 405 724 722 826 65 608 804 1023 551 219 38 969 ; 
723 828 0 147 107 828 481 817 717 1110 819 43 811 961 178 306 1074 760 525 1017 967 1106 772 603 1053 873 1009 661 821 708 ; 
576 814 147 0 105 681 370 781 570 1015 674 136 696 903 199 316 949 613 460 900 847 984 754 485 930 727 915 623 801 561 ; 
657 894 107 105 0 761 476 870 650 1120 761 130 801 1000 250 379 1052 695 557 1005 952 1087 836 590 1034 810 1019 712 884 640 ; 
104 1025 828 681 761 0 490 915 111 768 72 809 454 896 789 815 500 68 660 536 480 547 964 422 500 59 700 817 990 120 ; 
404 591 481 370 476 490 0 510 404 646 447 444 329 579 361 342 596 429 188 536 486 626 526 124 574 511 546 371 563 403 ; 
860 127 817 781 870 915 510 0 863 491 851 773 495 190 638 517 702 872 336 596 595 699 98 508 677 910 427 158 88 868 ; 
9 965 717 570 650 111 404 863 0 778 126 699 439 866 683 716 546 45 584 561 502 591 903 357 540 161 700 751 933 13 ; 
771 609 1110 1015 1120 768 646 491 778 0 696 1069 355 321 955 870 324 760 596 241 289 294 589 547 308 732 100 552 573 789 ; 
116 962 819 674 761 72 447 851 126 696 0 797 383 826 765 781 436 84 608 466 410 482 902 367 433 64 628 758 927 138 ; 
705 785 43 136 130 809 444 773 699 1069 797 0 774 917 135 264 1039 741 483 980 931 1070 729 567 1019 853 969 617 778 691 ; 
433 618 811 696 801 454 329 495 439 355 383 774 0 444 682 631 277 430 369 206 160 301 566 211 253 435 266 445 580 448 ; 
861 293 961 903 1000 896 579 190 866 321 826 917 444 0 786 675 584 865 443 479 495 571 286 534 561 879 281 310 261 873 ; 
687 650 178 199 250 789 361 638 683 955 765 135 682 786 0 129 955 721 360 887 842 982 594 485 933 826 856 484 642 677 ; 
719 522 306 316 379 815 342 517 716 870 781 264 631 675 129 0 908 749 276 830 791 931 467 456 885 844 773 366 515 712 ; 
537 829 1074 949 1052 500 596 702 546 324 436 1039 277 584 955 908 0 515 644 106 119 46 789 472 26 453 308 694 791 558 ; 
37 977 760 613 695 68 429 872 45 760 84 741 430 865 721 749 515 0 604 537 479 561 916 370 511 116 686 766 944 57 ; 
583 405 525 460 557 660 188 336 584 596 608 483 369 443 360 276 644 604 0 560 525 663 340 242 620 673 498 187 380 585 ; 
552 724 1017 900 1005 536 536 596 561 241 466 980 206 479 887 830 106 537 560 0 60 106 684 415 81 496 206 594 685 572 ; 
493 722 967 847 952 480 486 595 502 289 410 931 160 495 842 791 119 479 525 60 0 140 679 364 94 443 238 577 684 513 ; 
582 826 1106 984 1087 547 626 699 591 294 482 1070 301 571 982 931 46 561 663 106 140 0 788 503 54 499 290 700 787 604 ; 
900 65 772 754 836 964 526 98 903 589 902 729 566 286 594 467 789 916 340 684 679 788 0 545 763 964 522 154 48 906 ; 
355 608 603 485 590 422 124 508 357 547 367 567 211 534 485 456 472 370 242 415 364 503 545 0 451 431 449 395 576 360 ; 
531 804 1053 930 1034 500 574 677 540 308 433 1019 253 561 933 885 26 511 620 81 94 54 763 451 0 454 286 668 766 552 ; 
153 1023 873 727 810 59 511 910 161 732 64 853 435 879 826 844 453 116 673 496 443 499 964 431 454 0 669 821 988 173 ; 
693 551 1009 915 1019 700 546 427 700 100 628 969 266 281 856 773 308 686 498 206 238 290 522 449 286 669 0 467 514 710 ; 
749 219 661 623 712 817 371 158 751 552 758 617 445 310 484 366 694 766 187 594 577 700 154 395 668 821 467 0 192 754 ; 
930 38 821 801 884 990 563 88 933 573 927 778 580 261 642 515 791 944 380 685 684 787 48 576 766 988 514 192 0 937 ; 
22 969 708 561 640 120 403 868 13 789 138 691 448 873 677 712 558 57 585 572 513 604 906 360 552 173 710 754 937 0 
]

Q[d,p] = [
0 0 0 2 0 2 0 0 0 4 ; 
1 3 2 0 4 1 0 2 0 0 ; 
0 3 0 0 2 0 0 0 0 2 ; 
1 1 2 1 0 1 0 3 3 4 ; 
0 0 0 0 0 3 4 4 4 0 ; 
0 0 2 2 0 4 0 4 1 3 ; 
0 0 0 4 0 3 1 0 2 0 ; 
0 0 0 0 1 1 3 1 4 4 ; 
0 0 4 3 0 0 0 1 2 1 ; 
0 2 0 0 0 0 0 1 0 4 ; 
0 3 0 0 4 2 2 0 0 0 ; 
0 0 1 0 0 2 2 0 2 0 ; 
0 0 0 2 0 0 3 1 0 0 ; 
0 0 4 4 0 0 0 0 0 0 ; 
2 0 0 0 0 0 0 2 1 0 ; 
1 0 3 0 0 0 4 2 0 4 ; 
3 1 0 0 0 4 0 2 2 0 ; 
2 0 0 0 0 0 3 2 4 4 ; 
0 4 0 0 0 2 1 0 3 0 ; 
0 2 0 0 0 4 0 0 0 0 
]
